
SDAT;
2737;
29999999;
120000;
00000000000000000000000000000000;
00001000000000000000000000000000;
00000000000000000000000000000000;
00000000000100000000000000301500;
00000000000000000000000000304750;
00000000000100000000000000304000;
00000000000100000000000000300500;
00000001000000000000000000316250;
00000000000100000000000000317000;
00000001000000000000000000314250;
00000001000100000000000000314500;
00000000000000000000000000316500;
00000001000100000000000000310000;
00000000000000000000000000348000;
00000001000100000000000000348250;
00000000000000000000000000351000;
00000001000100000000000000351500;
00000001000000000000000000360000;
00000000000100000000000000360250;
00000001000000000000000000360250;
00000000000100000000000000360000;
00000001000000000000000000300250;
00000000000100000000000000301000;
00000001000000000000000000302000;
00000000000100000000000000300000;
00000001000000000000000000400000;
00000001000100000000000000400250;
00000000000000000000000000403000;
00000000000000000000000000422000;
00000000000100000000000000023750;
00000000000000000000000000040000;
00000000000100000000000000040000;
00000001000100000000000000040000;
00000001000000000000000000044000;
00000001000100000000000000044500;
00000000000000000000000000061500;
00000001000100000000000000060000;
00000000000000000000000000062250;
00000001000100000000000000064000;
00000000000000000000000000066000;
00000001000100000000000000066000;
00000000000000000000000000060500;
00000000000100000000000000060750;
00000001000000000000000000000000;
00000000000100000000000000000250;
00000001000000000000000000000250;
00000000000100000000000000001000;
00000001000000000000000000001000;
00000000000100000000000000001750;
00000000000000000000000000100000;
00000000000100000000000000100000;
00000001000000000000000000120000;
00000000000100000000000000121000;
00000001000000000000000000121250;
00000000000100000000000000121500;
00000001000000000000000000132000;
00000000000000000000000000160250;
00000000000000000000000000310000;
00000000000100000000000000313000;
00000001000000000000000002110000;
00000001000100000000000000000000;
00000000000000000000000000010000;
00000001000100000000000000010000;
00000000000000000000000000010500;
00000001000100000000000000011000;
00000000000000000000000000000000;
00000001000100000000000000000250;
00000000000000000000000000020000;
00000001000100000000000000021000;
00000000000000000000000000021000;
00000001000100000000000000021500;
00000000000000000000000000000250;
00000001000100000000000000002000;
00000000000000000000000000000750;
00000001000100000000000000001000;
00000000000000000000000000001000;
00000001000100000000000000000000;
00000000000000000000000000004000;
00000000000000000000000000020500;
00000000000100000000000000001000;
00000000000000000000000000005000;
00000000000100000000000000005000;
00000000000000000000000000000000;
00000000000100000000000000000500;
00000001000100000000000000000750;
00000000000000000000000000021250;
00000001000100000000000000022000;
00000000000000000000000000024000;
00000001000100000000000000024250;
00000000000000000000000000030500;
00000001000100000000000000038000;
00000000000000000000000000000000;
00000001000100000000000000000250;
00000000000000000000000000043000;
00000001000100000000000000043250;
00000000000000000000000000041500;
00000001000100000000000000044000;
00000000000000000000000000040000;
00000001000100000000000000041000;
00000000000000000000000000045000;
00000001000100000000000000044000;
00000000000000000000000000006500;
00000001000100000000000000006750;
00000000000000000000000000001000;
00000000000000000000000000010000;
00000000000000000000000000010500;
00000001000100000000000000010000;
00000000000000000000000000000250;
00000001000100000000000000000500;
00000000000000000000000000000500;
00000001000100000000000000001000;
00000000000000000000000000018000;
00000001000100000000000000018500;
00000000000000000000000000040000;
00000001000100000000000000040250;
00000000000000000000000000043000;
00000001000100000000000000040000;
00000000000000000000000000044250;
00000001000100000000000000044500;
00000000000000000000000000060000;
00000001000100000000000000060250;
00000000000000000000000000070000;
00000001000100000000000000070000;
00000000000000000000000000070500;
00000001000100000000000000070000;
00000000000000000000000000001000;
00000001000100000000000000001250;
00000000000000000000000000000000;
00000001000100000000000000002000;
00000000000000000000000000000000;
00000001000100000000000000000250;
00000000000000000000000000000250;
00000001000100000000000000000000;
00000000000000000000000000000000;
00000000000000000000000000001500;
00000000000000000000000000000000;
00000001000100000000000000000000;
00000000000000000000000000002000;
00000001000100000000000000002500;
00000000000000000000000000008000;
00000001000100000000000000000000;
00000000000000000000000000002000;
00000001000100000000000000002250;
00000000000000000000000000014000;
00000001000100000000000000015000;
00000000000000000000000000010000;
00000001000100000000000000010000;
00000000000000000000000000010000;
00000001000100000000000000010000;
00000000000000000000000000000000;
00000001000100000000000000000250;
00000000000000000000000000100500;
00000001000100000000000000101000;
00000000000000000000000000107000;
00000001000100000000000000100000;
00000000000000000000000000101500;
00000000000000000000000000108000;
00000000000100000000000000011000;
00000001000100000000000000110000;
00000000000000000000000000110000;
00000001000100000000000000114000;
00000000000000000000000000114000;
00000001000100000000000000114000;
00000000000000000000000000100000;
00000001000100000000000000100250;
00000000000000000000000000110000;
00000001000100000000000000110000;
00000000000000000000000000100500;
00000001000100000000000000101000;
00000000000000000000000000102000;
00000001000100000000000000100000;
00000000000000000000000000120250;
00000001000100000000000000120000;
00000000000000000000000000126000;
00000001000100000000000000126000;
00000000000000000000000000120500;
00000001000100000000000000121000;
00000000000000000000000000110000;
00000001000100000000000000110250;
00000000000000000000000000110000;
00000000000000000000000000032000;
00000000000000000000000000001000;
00000001000100000000000000010000;
00000000000000000000000000013000;
00000001000100000000000000013000;
00000000000000000000000000001000;
00000001000100000000000000001250;
00000000000000000000000000000000;
00000001000100000000000000000250;
00000000000000000000000000041000;
00000001000100000000000000044000;
00000000000000000000000000047000;
00000001000100000000000000047000;
00000000000000000000000000041750;
00000001000100000000000000040000;
00000000000000000000000000050000;
00000001000100000000000000050000;
00000000000000000000000000050000;
00000001000100000000000000051000;
00000000000000000000000000010000;
00000001000100000000000000010250;
00000000000000000000000000100500;
00000001000100000000000000100250;
00000000000000000000000000110000;
00000000000000000000000000108250;
00000000000100000000000000108000;
00000001000100000000000000110000;
00000000000000000000000000100000;
00000001000100000000000000100000;
00000000000000000000000000102000;
00000001000100000000000000103000;
00000000000000000000000000120000;
00000001000100000000000000120250;
00000000000000000000000000120000;
00000001000100000000000000122000;
00000000000000000000000000140000;
00000001000100000000000000140250;
00000000000000000000000000140000;
00000001000100000000000000140000;
00000000000000000000000000161000;
00000001000100000000000000161000;
00000000000000000000000000170000;
00000001000100000000000000170000;
00000000000000000000000000100500;
00000001000100000000000000100000;
00000000000000000000000000180000;
00000001000100000000000000180250;
00000000000000000000000000001000;
00000000000000000000000000002000;
00000000000100000000000000000000;
00000001000100000000000000001250;
00000000000000000000000000004250;
00000001000100000000000000006000;
00000000000000000000000000008500;
00000001000100000000000000008000;
00000000000000000000000000011000;
00000001000100000000000000011250;
00000000000000000000000000000000;
00000001000100000000000000000250;
00000000000000000000000000010000;
00000001000100000000000000010000;
00000000000000000000000000000750;
00000001000100000000000000002000;
00000000000000000000000000005000;
00000001000100000000000000005250;
00000000000000000000000000018750;
00000001000100000000000000080000;
00000000000000000000000000000000;
00000001000100000000000000000250;
00000000000000000000000000000250;
00000001000100000000000000000000;
00000000000000000000000000002000;
00000001000100000000000000002000;
00000000000000000000000000000000;
00000000000000000000000000004000;
00000000000100000000000000206000;
00000001000100000000000000200000;
00000000000000000000000000206750;
00000001000100000000000000200000;
00000000000000000000000000200000;
00000001000100000000000000200250;
00000000000000000000000000200500;
00000001000100000000000000200000;
00000000000000000000000000200000;
00000001000100000000000000200250;
00000000000000000000000000210750;
00000001000100000000000000212000;
00000000000000000000000000204000;
00000001000100000000000000204000;
00000000000000000000000000206000;
00000001000100000000000000206250;
00000000000000000000000000200000;
00000001000100000000000000200000;
00000000000000000000000000202000;
00000001000100000000000000202250;
00000000000000000000000000204000;
00000001000100000000000000204000;
00000000000000000000000000200000;
00000001000100000000000000200000;
00000000000000000000000000006750;
00000000000000000000000000024000;
00000000000100000000000000000000;
00000001000100000000000000010250;
00000000000000000000000000010250;
00000001000100000000000000011000;
00000000000000000000000000020000;
00000001000100000000000000020250;
00000000000000000000000000036000;
00000001000100000000000000036000;
00000000000000000000000000010000;
00000001000100000000000000011000;
00000000000000000000000000010000;
00000001000100000000000000011000;
00000000000000000000000000041000;
00000001000100000000000000040000;
00000000000000000000000000040000;
00000001000100000000000000040250;
00000000000000000000000000001000;
00000001000100000000000000004000;
00000000000000000000000000005000;
00000001000100000000000000005000;
00000000000000000000000000001000;
00000001000100000000000000000000;
00000000000000000000000000000000;
00000000000000000000000000041000;
00000000000100000000000000202000;
00000001000100000000000000200000;
00000000000000000000000000200000;
00000001000100000000000000201000;
00000000000000000000000000203000;
00000001000100000000000000203250;
00000000000000000000000000210750;
00000001000100000000000000218000;
00000000000000000000000000240000;
00000001000100000000000000241000;
00000000000000000000000000243000;
00000001000100000000000000243250;
00000000000000000000000000261000;
00000001000100000000000000261250;
00000000000000000000000000206500;
00000001000100000000000000200250;
00000000000000000000000000200000;
00000001000100000000000000200000;
00000000000000000000000000001000;
00000001000100000000000000001000;
00000000000000000000000000006000;
00000000000000000000000000032250;
00000000000100000000000000000500;
00000001000100000000000000009000;
00000000000000000000000000002000;
00000001000100000000000000002000;
00000000000000000000000000004000;
00000001000100000000000000004250;
00000000000000000000000000000000;
00000001000100000000000000000000;
00000000000000000000000000000000;
00000001000100000000000000000000;
00000000000000000000000000010000;
00000001000100000000000000010250;
00000000000000000000000000011000;
00000001000100000000000000011250;
00000000000000000000000000011000;
00000001000100000000000000011000;
00000000000000000000000000088000;
00000001000100000000000000088000;
00000000000000000000000000090000;
00000001000100000000000000090500;
00000000000000000000000000100000;
00000001000100000000000000100000;
00000000000000000000000000100000;
00000001000100000000000000100250;
00000000000000000000000000104000;
00000000000000000000000000104000;
00000000000000000000000008300000;
00000001000100000000000008306000;
00000000000000000000000008300000;
00000001000100000000000008300250;
00000000000000000000000008308500;
00000001000100000000000008309000;
00000000000000000000000008310000;
00000001000100000000000008312000;
00000000000000000000000008310000;
00000001000100000000000008310000;
00000000000000000000000008310000;
00000001000100000000000008310750;
00000000000000000000000008300500;
00000001000100000000000008301000;
00000000000000000000000008301000;
00000001000100000000000008300000;
00000000000000000000000008000250;
00000001000100000000000008002000;
00000000000000000000000008000000;
00000001000100000000000008000250;
00000000000000000000000008006000;
00000000000000000000000008022000;
00000000000100000000000008000000;
00000000000000000000000008008250;
00000000000100000000000008000000;
00000001000100000000000008000250;
00000000000000000000000008010500;
00000001000100000000000008010000;
00000000000000000000000008026500;
00000001000100000000000008027000;
00000000000000000000000008028500;
00000001000100000000000008030000;
00000000000000000000000008000000;
00000001000100000000000008000500;
00000000000000000000000008041250;
00000001000100000000000008040000;
00000000000000000000000008040000;
00000001000100000000000008040250;
00000000000000000000000008040000;
00000001000100000000000008040250;
00000000000000000000000008012000;
00000001000100000000000008012000;
00000000000000000000000008102500;
00000000000000000000000008112000;
00000000000100000000000008300000;
00000001000100000000000008308000;
00000000000000000000000008310000;
00000001000100000000000008300000;
00000000000000000000000008320000;
00000001000100000000000008320250;
00000000000000000000000008320000;
00000001000100000000000008320000;
00000000000000000000000008340000;
00000001000100000000000008344000;
00000000000000000000000008346000;
00000001000100000000000008346250;
00000000000000000000000008360500;
00000001000100000000000008361000;
00000000000000000000000008360000;
00000001000100000000000008361000;
00000000000000000000000008374500;
00000001000100000000000008375000;
00000000000000000000000008310500;
00000001000100000000000008311000;
00000000000000000000000008311000;
00000001000100000000000008380000;
00000000000000000000000008001000;
00000000000000000000000008000000;
00000000000000000000000008001000;
00000001000100000000000008004000;
00000000000000000000000008008500;
00000001000100000000000008008750;
00000000000000000000000008000250;
00000001000100000000000008001000;
00000000000000000000000008001250;
00000001000100000000000008001500;
00000000000000000000000008005000;
00000001000100000000000008005500;
00000000000000000000000008000000;
00000001000100000000000008000500;
00000000000000000000000008000000;
00000001000100000000000008000750;
00000000000000000000000008004000;
00000001000100000000000008004000;
00000000000000000000000008005250;
00000001000100000000000008006000;
00000000000000000000000008000000;
00000001000100000000000008000000;
00000000000000000000000008000000;
00000001000100000000000008000500;
00000000000000000000000008001000;
00000001000100000000000008000000;
00000000000000000000000008014000;
00000000000000000000000008012000;
00000000000100000000000000000500;
00000000000000000000000000000500;
00000000000100000000000000000250;
00000001000100000000000000010000;
00000000000000000000000000001000;
00000001000100000000000000001000;
00000000000000000000000000007000;
00000001000100000000000000007000;
00000000000000000000000000022000;
00000001000100000000000000022250;
00000000000000000000000000020000;
00000001000100000000000000020500;
00000000000000000000000000002250;
00000001000100000000000000003000;
00000000000000000000000000000000;
00000001000100000000000000001000;
00000000000000000000000000020000;
00000001000100000000000000020000;
00000000000000000000000000028000;
00000001000100000000000000028500;
00000000000000000000000000000750;
00000001000100000000000000000000;
00000000000000000000000000003500;
00000001000100000000000000000000;
00000000000000000000000000400000;
00000001000100000000000000400000;
00000000000000000000000000400000;
00000000000000000000000000412500;
00000000000000000000000000008000;
00000001000100000000000000010250;
00000000000000000000000000010500;
00000001000100000000000000010750;
00000000000000000000000000000500;
00000001000100000000000000000000;
00000000000000000000000000021000;
00000001000100000000000000021500;
00000000000000000000000000021750;
00000001000100000000000000020000;
00000000000000000000000000046250;
00000001000100000000000000046000;
00000000000000000000000000040500;
00000001000100000000000000048000;
00000000000000000000000000060250;
00000001000100000000000000061000;
00000000000000000000000000065000;
00000001000100000000000000065750;
00000000000000000000000000000000;
00000001000100000000000000000500;
00000000000000000000000000083250;
00000001000100000000000000083500;
00000000000000000000000000081500;
00000001000100000000000000080250;
00000000000000000000000000000000;
00000000000000000000000000000000;
00000000000000000000000000001500;
00000001000100000000000000011500;
00000000000000000000000000014000;
00000001000100000000000000014000;
00000000000000000000000000010250;
00000001000100000000000000010000;
00000000000000000000000000010000;
00000001000100000000000000011000;
00000000000000000000000000101000;
00000001000100000000000000101000;
00000000000000000000000000101500;
00000001000100000000000000102000;
00000000000000000000000000100000;
00000001000100000000000000100250;
00000000000000000000000000105000;
00000001000100000000000000105250;
00000000000000000000000000100000;
00000001000100000000000000100500;
00000000000000000000000000101750;
00000001000100000000000000100000;
00000000000000000000000000108500;
00000001000100000000000000109000;
00000000000000000000000000400000;
00000001000100000000000000400250;
00000000000000000000000000401500;
00000000000000000000000000421750;
00000000000000000000000000000500;
00000001000100000000000000000750;
00000000000000000000000000001250;
00000001000100000000000000020000;
00000000000000000000000000020500;
00000001000100000000000000021000;
00000000000000000000000000031000;
00000001000100000000000000030000;
00000000000000000000000000010500;
00000001000100000000000000010750;
00000000000000000000000000020000;
00000001000100000000000000020500;
00000000000000000000000000030500;
00000001000100000000000000031000;
00000000000000000000000000001000;
00000001000100000000000000001500;
00000000000000000000000000100000;
00000001000100000000000000100500;
00000000000000000000000000100000;
00000001000100000000000000100500;
00000000000000000000000000100000;
00000000000000000000000000148000;
00000000000000000000000000108500;
00000001000100000000000000100000;
00000000000000000000000000100250;
00000001000100000000000000101000;
00000000000000000000000000110000;
00000001000100000000000000110250;
00000000000000000000000000110000;
00000001000100000000000000110000;
00000000000000000000000000140000;
00000001000100000000000000140500;
00000000000000000000000000152000;
00000001000100000000000000153250;
00000000000000000000000000155000;
00000001000100000000000000150000;
00000000000000000000000000150000;
00000001000100000000000000150000;
00000000000000000000000000162250;
00000001000100000000000000162000;
00000000000000000000000000100500;
00000001000100000000000000100000;
00000000000000000000000000401250;
00000001000100000000000000400000;
00000000000000000000000000400000;
00000001000100000000000000400250;
00000000000000000000000000402250;
00000001000100000000000000404000;
00000000000000000000000000410000;
00000000000000000000000000435000;
00000000000100000000000000001000;
00000001000100000000000000008000;
00000000000000000000000000010000;
00000001000100000000000000010500;
00000000000000000000000000000000;
00000001000100000000000000000000;
00000000000000000000000000001500;
00000001000100000000000000000000;
00000000000000000000000000002000;
00000001000100000000000000002000;
00000000000000000000000000004500;
00000001000100000000000000000000;
00000000000000000000000000000500;
00000001000100000000000000001000;
00000000000000000000000000010500;
00000001000100000000000000011000;
00000000000000000000000000013500;
00000001000100000000000000014000;
00000000000000000000000000080000;
00000001000100000000000000080500;
00000000000000000000000000000250;
00000001000100000000000000001000;
00000000000000000000000000000500;
00000001000100000000000000001750;
00000000000000000000000000000250;
00000000000000000000000000000500;
00000000000100000000000000208500;
00000001000100000000000000208000;
00000000000000000000000000200000;
00000001000100000000000000200500;
00000000000000000000000000211500;
00000001000100000000000000210000;
00000000000000000000000000204250;
00000001000100000000000000204500;
00000000000000000000000000200500;
00000001000100000000000000200000;
00000000000000000000000000200250;
00000001000100000000000000201000;
00000000000000000000000000201000;
00000001000100000000000000201500;
00000000000000000000000000202000;
00000001000100000000000000202250;
00000000000000000000000000223000;
00000001000100000000000000223250;
00000000000000000000000000220000;
00000001000100000000000000220500;
00000000000000000000000000202000;
00000001000100000000000000200000;
00000000000000000000000000210000;
00000001000100000000000000210000;
00000000000000000000000000404000;
00000001000100000000000000405000;
00000000000000000000000000406000;
00000001000100000000000000407000;
00000000000000000000000000408500;
00000000000000000000000000430000;
00000000000100000000000000001500;
00000001000100000000000000009750;
00000000000000000000000000001000;
00000001000100000000000000001250;
00000000000000000000000000002250;
00000001000100000000000000002500;
00000000000000000000000000005750;
00000001000100000000000000000000;
00000000000000000000000000008000;
00000001000100000000000000008000;
00000000000000000000000000042500;
00000001000100000000000000042000;
00000000000000000000000000041000;
00000001000100000000000000041250;
00000000000000000000000000051750;
00000001000100000000000000040000;
00000000000000000000000000054250;
00000001000100000000000000054000;
00000000000000000000000000058000;
00000001000100000000000000058250;
00000000000000000000000000001500;
00000001000100000000000000000000;
00000000000000000000000000006500;
00000000000000000000000000022000;
00000000000100000000000000207000;
00000001000100000000000000208000;
00000000000000000000000000200500;
00000001000100000000000000200000;
00000000000000000000000000228500;
00000001000100000000000000229000;
00000000000000000000000000202500;
00000001000100000000000000202750;
00000000000000000000000000200250;
00000001000100000000000000200000;
00000001000000000000000000201000;
00000000000100000000000000061000;
00000000000000000000000000030250;
00000000000000000000000000038000;
00000001000000000000000010000500;
00000000000000000000000010000250;
00000001000000000000000010002000;
00000000000000000000000010011250;
00000000000000000000000010401000;
00000000000000000000000010421000;
00000000000000000000000000002250;
00000000000100000000000000010500;
00000000000000000000000000004000;
00000000000000000000000000000250;
00000000000000000000000000800000;
00000000000000000000000000816500;
00000000000000000000000000810000;
00000000000100000000000004001000;
00000000000000000000000004800000;
00000000000100000000000004000000;
00000000000000000000000004850000;
00000000000000000000000004850500;
EDAT;
                                                                         