
SDAT;
211;
29999999;
120000;
00000000000000000000000000000000;
00001001010000000000000000000250;
00000001010000000000000000000500;
00000000010000000000000003087000;
00000000000000000000000003997750;
00000000010000000000000004298250;
00000001010000000000000004324000;
00000001000000000000000004497750;
00000000000000000000000004531000;
00000000010000000000000004798000;
00000001010000000000000004823000;
00000001000000000000000004997500;
00000000000000000000000005030250;
00000000010000000000000005297750;
00000001010000000000000005323000;
00000001000000000000000005497250;
00000000000000000000000005530250;
00000000010000000000000005797500;
00000001010000000000000005823000;
00000001000000000000000005997000;
00000000000000000000000006030000;
00000000010000000000000006297250;
00000001010000000000000006322500;
00000001000000000000000006496750;
00000000000000000000000006529500;
00000000010000000000000006830000;
00000001010000000000000006855000;
00000001000000000000000007029500;
00000000000000000000000007062250;
00000000010000000000000007329750;
00000001010000000000000007355500;
00000001000000000000000007529000;
00000000000000000000000007562500;
00000000010000000000000007829250;
00000001010000000000000007855250;
00000001000000000000000008028750;
00000000000000000000000008062250;
00000000010000000000000008329000;
00000001010000000000000008354500;
00000001000000000000000008528250;
00000000000000000000000008561500;
00000000010000000000000008828500;
00000001010000000000000008853750;
00000001000000000000000009028000;
00000000000000000000000009060500;
00000000010000000000000009328500;
00000001010000000000000009354000;
00000001000000000000000009527750;
00000000000000000000000009561000;
00000000010000000000000009828000;
00000001010000000000000009853250;
00000001000000000000000010027250;
00000000000000000000000010060000;
00000000010000000000000010327750;
00000001010000000000000010353000;
00000001000000000000000010527250;
00000000000000000000000010559750;
00000000010000000000000010827750;
00000001010000000000000010852750;
00000001000000000000000011027000;
00000000000000000000000011059500;
00000000010000000000000011327250;
00000001010000000000000011352750;
00000001000000000000000011526250;
00000000000000000000000011559500;
00000000010000000000000011859750;
00000001010000000000000011885750;
00000001000000000000000012059000;
00000000000000000000000012092750;
00000000010000000000000012359500;
00000001010000000000000012385250;
00000001000000000000000012558750;
00000000000000000000000012592250;
00000000010000000000000012859250;
00000001010000000000000012885000;
00000001000000000000000013058500;
00000000000000000000000013091750;
00000000010000000000000013359000;
00000001010000000000000013384500;
00000001000000000000000013558500;
00000000000000000000000013591250;
00000000010000000000000013859000;
00000001010000000000000013884750;
00000001000000000000000014058500;
00000000000000000000000014091500;
00000000010000000000000014359000;
00000001010000000000000014384000;
00000001000000000000000014558750;
00000000000000000000000014591000;
00000000010000000000000014859000;
00000001010000000000000014884000;
00000001000000000000000015058750;
00000000000000000000000015090750;
00000000010000000000000015359250;
00000001010000000000000015384000;
00000001000000000000000015559000;
00000000000000000000000015590750;
00000000010000000000000015859250;
00000001010000000000000015883500;
00000001000000000000000016058750;
00000000000000000000000016090000;
00000000010000000000000016359250;
00000001010000000000000016398750;
00000001000000000000000016559000;
00000000000000000000000016589250;
00000000010000000000000016892250;
00000001010000000000000016915750;
00000001000000000000000017092250;
00000000000000000000000017122750;
00000000010000000000000017392250;
00000001010000000000000017431500;
00000001000000000000000017592250;
00000000000000000000000017638500;
00000000010000000000000017892250;
00000001010000000000000017932000;
00000001000000000000000018092250;
00000000000000000000000018138750;
00000000010000000000000018392500;
00000001010000000000000018432000;
00000001000000000000000018592250;
00000000000000000000000018638750;
00000000010000000000000018892500;
00000001010000000000000018932250;
00000001000000000000000019092500;
00000000000000000000000019139000;
00000000010000000000000019392750;
00000001010000000000000019431500;
00000001000000000000000019592500;
00000000000000000000000019638500;
00000000010000000000000019892750;
00000001010000000000000019931500;
00000001000000000000000020092500;
00000000000000000000000020138500;
00000000010000000000000020393000;
00000001010000000000000020432250;
00000001000000000000000020593000;
00000000000000000000000020639000;
00000000010000000000000020893250;
00000001010000000000000020932000;
00000001000000000000000021092750;
00000000000000000000000021138750;
00000000010000000000000021393250;
00000001010000000000000021432000;
00000001000000000000000021593000;
00000000000000000000000021639000;
00000000010000000000000021926250;
00000001010000000000000021965750;
00000001000000000000000022126250;
00000000000000000000000022172500;
00000000010000000000000022426500;
00000001010000000000000022466250;
00000001000000000000000022626250;
00000000000000000000000022656750;
00000000010000000000000022926500;
00000001010000000000000022950000;
00000001000000000000000023126250;
00000000000000000000000023156500;
00000000010000000000000023426250;
00000001010000000000000023449750;
00000001000000000000000023626250;
00000000000000000000000023656750;
00000000010000000000000023926250;
00000001010000000000000023966000;
00000001000000000000000024126250;
00000000000000000000000024156750;
00000000010000000000000024426500;
00000001010000000000000024465500;
00000001000000000000000024627000;
00000000000000000000000024672250;
00000000010000000000000024927250;
00000001010000000000000024964500;
00000001000000000000000025126500;
00000000000000000000000025171250;
00000000010000000000000025427000;
00000001010000000000000025463500;
00000001000000000000000025626500;
00000000000000000000000025670250;
00000000010000000000000025927000;
00000001010000000000000025962500;
00000001000000000000000026126750;
00000000000000000000000026169250;
00000000010000000000000026427000;
00000001010000000000000026461750;
00000001000000000000000026626750;
00000000000000000000000026668500;
00000000010000000000000026960250;
00000001010000000000000026995250;
00000001000000000000000027160000;
00000000000000000000000027202250;
00000000010000000000000027460500;
00000001010000000000000027494500;
00000001000000000000000027660000;
00000000000000000000000027701250;
00000000010000000000000027960250;
00000001010000000000000027994500;
00000001000000000000000028160250;
00000000000000000000000028201500;
00000000010000000000000028460250;
00000001010000000000000028494500;
00000001000000000000000028660250;
00000000000000000000000028701000;
00000000010000000000000028960500;
00000001010000000000000028993500;
00000001000000000000000029160250;
00000000000000000000000029200500;
00000000010000000000000029460250;
00000001010000000000000029493500;
00000001000000000000000029660250;
00000000000000000000000029700250;
00000000010000000000000029960500;
00000001010000000000000029992500;
EDAT;
                                                                         